 450.0      1.46002540e+00      6.36646378e-02      1.39636077e+00
 455.0      1.45590524e+00      6.11214269e-02      1.39478381e+00
 460.0      1.45831378e+00      5.90807479e-02      1.39923304e+00
 465.0      1.46888939e+00      5.76297570e-02      1.41125964e+00
 470.0      1.48961996e+00      5.68778298e-02      1.43274213e+00
 475.0      1.52291566e+00      5.69699340e-02      1.46594573e+00
 480.0      1.57084338e+00      5.80606853e-02      1.51278270e+00
 485.0      1.63562860e+00      6.03545524e-02      1.57527405e+00
 490.0      1.72039078e+00      6.41669681e-02      1.65622382e+00
 495.0      1.82939764e+00      6.99806236e-02      1.75941702e+00
 500.0      1.96779169e+00      7.84959579e-02      1.88929573e+00
 505.0      2.13775002e+00      9.04258183e-02      2.04732421e+00
 510.0      2.33717972e+00      1.06452961e-01      2.23072675e+00
 515.0      2.55640823e+00      1.27001525e-01      2.42940671e+00
 520.0      2.77111936e+00      1.51514366e-01      2.61960499e+00
 525.0      2.93753827e+00      1.77458262e-01      2.76008000e+00
 530.0      3.00683037e+00      2.00823934e-01      2.80600644e+00
 535.0      2.94193048e+00      2.16958073e-01      2.72497241e+00
 540.0      2.73845828e+00      2.22348003e-01      2.51611028e+00
 545.0      2.43320409e+00      2.16618826e-01      2.21658526e+00
 550.0      2.08495401e+00      2.02507827e-01      1.88244618e+00
 555.0      1.74534095e+00      1.83939072e-01      1.56140188e+00
 560.0      1.44418547e+00      1.64203649e-01      1.27998182e+00
 565.0      1.19187824e+00      1.45381419e-01      1.04649682e+00
 570.0      9.86948429e-01      1.28472723e-01      8.58475706e-01
 575.0      8.22757887e-01      1.13776265e-01      7.08981622e-01
 580.0      6.91486472e-01      1.01221050e-01      5.90265422e-01
 585.0      5.85957225e-01      9.05762508e-02      4.95380975e-01
 590.0      5.00419258e-01      8.15385039e-02      4.18880754e-01
 595.0      4.30536390e-01      7.38171298e-02      3.56719260e-01
 600.0      3.72992706e-01      6.71761259e-02      3.05816580e-01
 605.0      3.25245813e-01      6.14259030e-02      2.63819910e-01
 610.0      2.85337423e-01      5.64143340e-02      2.28923089e-01
 615.0      2.51749742e-01      5.20190953e-02      1.99730647e-01
 620.0      2.23298037e-01      4.81414330e-02      1.75156604e-01
 625.0      1.99050625e-01      4.47012129e-02      1.54349412e-01
 630.0      1.78269266e-01      4.16330382e-02      1.36636228e-01
 635.0      1.60364614e-01      3.88832180e-02      1.21481396e-01
 640.0      1.44862746e-01      3.64074044e-02      1.08455342e-01
 645.0      1.31379870e-01      3.41687445e-02      9.72111254e-02
 650.0      1.19603074e-01      3.21364333e-02      8.74666408e-02
 655.0      1.09275586e-01      3.02845730e-02      7.89910135e-02
 660.0      1.00185400e-01      2.85912708e-02      7.15941294e-02
 665.0      9.21564390e-02      2.70379214e-02      6.51185177e-02
 670.0      8.50416491e-02      2.56086325e-02      5.94330166e-02
 675.0      7.87175602e-02      2.42897637e-02      5.44277965e-02
 680.0      7.30799777e-02      2.30695522e-02      5.00104254e-02
 685.0      6.80405491e-02      2.19378104e-02      4.61027387e-02
 690.0      6.35240107e-02      2.08856768e-02      4.26383339e-02
 695.0      5.94659681e-02      1.99054131e-02      3.95605550e-02
 700.0      5.58110967e-02      1.89902353e-02      3.68208614e-02
 705.0      5.25116761e-02      1.81341748e-02      3.43775014e-02
 710.0      4.95267471e-02      1.73320212e-02      3.21947258e-02
 715.0      4.68216353e-02      1.65793120e-02      3.02423233e-02
 720.0      4.43660581e-02      1.58720687e-02      2.84939895e-02
 725.0      4.21333331e-02      1.52067057e-02      2.69266274e-02
 730.0      4.00999035e-02      1.45799855e-02      2.55199179e-02
 735.0      3.82449317e-02      1.39889786e-02      2.42559531e-02
 740.0      3.65499519e-02      1.34310290e-02      2.31189229e-02
 745.0      3.49985705e-02      1.29037247e-02      2.20948458e-02
 750.0      3.35762094e-02      1.24048708e-02      2.11713386e-02
 755.0      3.22698832e-02      1.19324669e-02      2.03374164e-02
 760.0      3.10680077e-02      1.14846862e-02      1.95833215e-02
 765.0      2.99602326e-02      1.10598584e-02      1.89003743e-02
 770.0      2.89372973e-02      1.06564531e-02      1.82808442e-02
 775.0      2.79909045e-02      1.02730665e-02      1.77178380e-02
 780.0      2.71136106e-02      9.90840882e-03      1.72052017e-02
 785.0      2.62987290e-02      9.56129302e-03      1.67374359e-02
 790.0      2.55402465e-02      9.23062548e-03      1.63096210e-02
 795.0      2.48327493e-02      8.91539707e-03      1.59173522e-02
 800.0      2.41713576e-02      8.61467539e-03      1.55566822e-02
 805.0      2.35516691e-02      8.32759785e-03      1.52240713e-02
 810.0      2.29697081e-02      8.05336546e-03      1.49163426e-02
 815.0      2.24218810e-02      7.79123719e-03      1.46306438e-02
 820.0      2.19049368e-02      7.54052503e-03      1.43644118e-02
 825.0      2.14159325e-02      7.30058938e-03      1.41153431e-02
 830.0      2.09522014e-02      7.07083505e-03      1.38813664e-02
 835.0      2.05113263e-02      6.85070755e-03      1.36606187e-02
 840.0      2.00911140e-02      6.63968977e-03      1.34514242e-02
 845.0      1.96895742e-02      6.43729896e-03      1.32522752e-02
 850.0      1.93048994e-02      6.24308403e-03      1.30618153e-02
 855.0      1.89354476e-02      6.05662303e-03      1.28788246e-02
 860.0      1.85797268e-02      5.87752091e-03      1.27022059e-02
 865.0      1.82363804e-02      5.70540750e-03      1.25309729e-02
 870.0      1.79041753e-02      5.53993558e-03      1.23642397e-02
 875.0      1.75819899e-02      5.38077925e-03      1.22012107e-02
 880.0      1.72688045e-02      5.22763227e-03      1.20411722e-02
 885.0      1.69636916e-02      5.08020675e-03      1.18834848e-02
 890.0      1.66658079e-02      4.93823173e-03      1.17275762e-02
 895.0      1.63744079e-02      4.80145217e-03      1.15729558e-02
 900.0      1.60891213e-02      4.66962908e-03      1.14194922e-02
